{
    "metrics": [
        "Accuracy",
        "Sensitivity",
        "Specificity",
        "AUC",
        "SSEP"
    ],
    "model_outputs": [
        [
            0.012153500991387081,
            0.6440288365445433,
            0.3438176624640696
        ],
        [
            0.8881147038303552,
            0.11178824023895478,
            9.70559306900613e-05
        ],
        [
            1.9506954005262276e-05,
            0.3603482717686741,
            0.6396322212773207
        ],
        [
            0.01733832101096056,
            0.5696653462422036,
            0.4129963327468358
        ],
        [
            0.005890049166496062,
            0.5884326346614335,
            0.4056773161720705
        ],
        [
            0.8326464787694705,
            0.16727936663886134,
            7.415459166799426e-05
        ],
        [
            0.16689881236818566,
            0.7503809542432168,
            0.08272023338859746
        ],
        [
            0.0014599897084019737,
            0.2277936903185263,
            0.7707463199730717
        ],
        [
            0.007341430526527786,
            0.7190855369167741,
            0.27357303255669807
        ],
        [
            0.07145934821807502,
            0.8257324179795489,
            0.10280823380237611
        ],
        [
            0.00250687557086067,
            0.23800275116809957,
            0.7594903732610397
        ],
        [
            0.7373607616119222,
            0.2626019064396045,
            3.7331948473480296e-05
        ],
        [
            0.8462805064567027,
            0.15368714190613927,
            3.2351637157987106e-05
        ],
        [
            0.7539475489532627,
            0.24600568115660754,
            4.676989012982054e-05
        ],
        [
            0.9032459702681542,
            0.09668250362405553,
            7.152610779016619e-05
        ],
        [
            0.012975321813883115,
            0.36667277178917757,
            0.6203519063969394
        ],
        [
            0.00041029905254964154,
            0.24280864971845142,
            0.7567810512289991
        ],
        [
            0.06416357981699453,
            0.8561138201260838,
            0.07972260005692164
        ],
        [
            0.021039287643725584,
            0.6464991687215061,
            0.3324615436347684
        ],
        [
            0.0005329340085037877,
            0.2866757522998553,
            0.7127913136916411
        ],
        [
            0.7845573339270857,
            0.21536610452031907,
            7.65615525950323e-05
        ],
        [
            0.004827980622172685,
            0.3411987072631652,
            0.6539733121146621
        ],
        [
            0.8362953421810775,
            0.16359981811427565,
            0.00010483970464688571
        ],
        [
            0.0005755083229743124,
            0.29787774680529167,
            0.701546744871734
        ],
        [
            0.00015538179685224004,
            0.12686992200352573,
            0.872974696199622
        ],
        [
            0.0011698178478708832,
            0.24210340975479852,
            0.7567267723973307
        ],
        [
            0.00032746335580050896,
            0.3955961703899981,
            0.6040763662542014
        ],
        [
            0.00032562212552178553,
            0.19543705070538564,
            0.8042373271690926
        ],
        [
            0.7524346966582337,
            0.24751185622855015,
            5.3447113216090974e-05
        ],
        [
            0.7584334424180718,
            0.24149394207743544,
            7.26155044927776e-05
        ],
        [
            0.886560870675623,
            0.11341746404665465,
            2.166527772239181e-05
        ],
        [
            0.961808802114625,
            0.03811693719824076,
            7.426068713417235e-05
        ],
        [
            0.02418036305806134,
            0.6407258474371464,
            0.3350937895047923
        ],
        [
            0.8271844927254659,
            0.17273787691125478,
            7.763036327929429e-05
        ],
        [
            0.8039088560243647,
            0.19604906388199864,
            4.208009363655828e-05
        ],
        [
            0.0019468798396888682,
            0.4357786989734567,
            0.5622744211868543
        ],
        [
            0.02153354275716208,
            0.5090923924225199,
            0.469374064820318
        ],
        [
            0.8442029741665171,
            0.15574108232163514,
            5.594351184766678e-05
        ],
        [
            0.8700883368729968,
            0.12986383062662418,
            4.783250037901527e-05
        ],
        [
            0.9314650639051127,
            0.06848449087549653,
            5.0445219390677286e-05
        ],
        [
            0.002302394247066229,
            0.3578531443065822,
            0.6398444614463515
        ],
        [
            0.027792783711183964,
            0.3678107601568146,
            0.6043964561320014
        ],
        [
            0.01006367527065185,
            0.49676013163871563,
            0.4931761930906326
        ],
        [
            0.9220567827903219,
            0.07789355654765323,
            4.966066202508695e-05
        ],
        [
            0.8779847114277906,
            0.12196076558461452,
            5.452298759490688e-05
        ],
        [
            0.09043154510991637,
            0.8668829466400128,
            0.04268550825007098
        ],
        [
            0.003069804624946807,
            0.44470971060555853,
            0.5522204847694945
        ],
        [
            0.0011834951820985753,
            0.2674623906942317,
            0.7313541141236697
        ],
        [
            0.022029923804627982,
            0.6604379309918763,
            0.31753214520349565
        ],
        [
            0.00021987090471891152,
            0.11378650097603817,
            0.8859936281192429
        ],
        [
            0.048453998468348795,
            0.7100441579762752,
            0.24150184355537616
        ],
        [
            5.8235315730548084e-05,
            0.28585759339615896,
            0.7140841712881104
        ],
        [
            0.022714535292685308,
            0.5089756393189342,
            0.46830982538838056
        ],
        [
            0.8497872567917268,
            0.1501670283679497,
            4.571484032363261e-05
        ],
        [
            4.149642738484253e-05,
            0.3401928816250841,
            0.659765621947531
        ],
        [
            0.054333224146536165,
            0.838891553221406,
            0.10677522263205783
        ],
        [
            0.8276257300564098,
            0.1723306809362729,
            4.358900731715605e-05
        ],
        [
            0.8612131172674489,
            0.13874228178396728,
            4.4600948583843005e-05
        ],
        [
            0.8950786685098445,
            0.10470177290896117,
            0.00021955858119436023
        ],
        [
            0.10351562816862195,
            0.8700750353159403,
            0.02640933651543766
        ],
        [
            0.003304839634395704,
            0.4312547004008077,
            0.5654404599647967
        ],
        [
            0.812129184650162,
            0.18771392346487317,
            0.00015689188496481254
        ],
        [
            0.7290512124069125,
            0.27088196525545644,
            6.682233763107362e-05
        ],
        [
            0.8134502987526198,
            0.18639775333498093,
            0.00015194791239940233
        ],
        [
            0.038884829866256444,
            0.7474224741359483,
            0.21369269599779528
        ],
        [
            0.8254478467696956,
            0.17449564598859504,
            5.650724170940217e-05
        ],
        [
            0.05988331355161197,
            0.7144464431058227,
            0.22567024334256533
        ],
        [
            8.30634404373329e-05,
            0.116362399243508,
            0.8835545373160547
        ],
        [
            0.7959184569263194,
            0.2040317564003274,
            4.978667335318333e-05
        ],
        [
            0.03142760935637938,
            0.7205640577598139,
            0.24800833288380675
        ],
        [
            0.002265880641290997,
            0.3929240330528296,
            0.6048100863058795
        ],
        [
            0.9438704488809375,
            0.05608560861093593,
            4.394250812644342e-05
        ],
        [
            0.0064379973458535,
            0.35431960351168346,
            0.6392423991424631
        ],
        [
            0.002302394247066229,
            0.3578531443065822,
            0.6398444614463515
        ],
        [
            0.03440606494509174,
            0.902809772214034,
            0.06278416284087412
        ],
        [
            0.02444616112600612,
            0.49335982492061053,
            0.4821940139533833
        ],
        [
            0.0013314772235044417,
            0.14098726381281793,
            0.8576812589636776
        ],
        [
            0.038379110284114,
            0.8391099522276904,
            0.12251093748819562
        ],
        [
            0.9121280085604548,
            0.0877453718770716,
            0.00012661956247361024
        ],
        [
            0.18414725899810322,
            0.7971862338468978,
            0.018666507154998978
        ],
        [
            0.0011551171777425791,
            0.36035499866816806,
            0.6384898841540894
        ],
        [
            0.8100355569030221,
            0.18991918374756295,
            4.525934941507676e-05
        ],
        [
            0.7959701329692175,
            0.20400183532082286,
            2.8031709959539898e-05
        ],
        [
            0.07172657943812001,
            0.8651892868245239,
            0.06308413373735614
        ],
        [
            0.0033320868182471,
            0.37973314763168214,
            0.6169347655500709
        ],
        [
            0.761405303896312,
            0.23853871670118124,
            5.5979402506924343e-05
        ],
        [
            0.0016274630667527418,
            0.25594873794432815,
            0.7424237989889191
        ],
        [
            0.8274445632468279,
            0.1724972784703644,
            5.815828280766997e-05
        ],
        [
            0.8679963410035467,
            0.131851441836225,
            0.00015221716022818045
        ],
        [
            0.008150414967069426,
            0.29123387786499566,
            0.7006157071679349
        ]
    ],
    "gt_labels": [
        1,
        0,
        2,
        1,
        1,
        0,
        1,
        2,
        1,
        1,
        2,
        0,
        0,
        0,
        0,
        1,
        2,
        1,
        1,
        2,
        0,
        2,
        0,
        2,
        2,
        2,
        2,
        2,
        0,
        0,
        0,
        0,
        1,
        0,
        0,
        2,
        1,
        0,
        0,
        0,
        2,
        1,
        1,
        0,
        0,
        1,
        2,
        2,
        1,
        2,
        1,
        2,
        1,
        0,
        2,
        1,
        0,
        0,
        0,
        1,
        2,
        0,
        0,
        0,
        1,
        0,
        1,
        2,
        0,
        1,
        2,
        0,
        2,
        2,
        1,
        1,
        2,
        1,
        0,
        1,
        2,
        0,
        0,
        1,
        1,
        0,
        2,
        0,
        0,
        1
    ],
    "threshold": 0.7,
    "ci": false,
    "num_bootstraps": 0,
    "alpha": 0.0
}